# Geometry File

AttributeBegin #  "light4"

Transform [0.499999910593033 -0.866025447845459 0.000000000000000 0.000000000000000 -0.000000037855177 -0.000000021855692 1.000000000000000 0.000000000000000 -0.866025447845459 -0.499999910593033 -0.000000043711388 0.000000000000000 -2.500000000000000 -1.750000000000000 0.750000000000000 1.000000000000000]

NamedMaterial "emission3"

AreaLightSource "area"
	"float importance" [1.000000000000000]
	"float gain" [2.000000000000000]
	"float power" [100.000000000000000]
	"float efficacy" [17.000000000000000]
	"integer nsamples" [1]
	"color L" [1.00000000 1.00000000 1.00000000]

Shape "plymesh"
	"string filename" ["chrono/Scene/00000/light4_0000_m000.ply"]
	"bool generatetangents" ["false"]
	"string name" ["light4"]

AttributeEnd # ""

AttributeBegin #  "light2"

Transform [0.183011934161186 -0.707101047039032 0.683018863201141 0.000000000000000 -0.183010324835777 -0.707112550735474 -0.683007359504700 0.000000000000000 0.965926408767700 -0.000001000733391 -0.258816838264465 0.000000000000000 -1.625000000000000 0.000000000000000 1.500000000000000 1.000000000000000]

NamedMaterial "emission2"

AreaLightSource "area"
	"float importance" [1.000000000000000]
	"float gain" [0.500000000000000]
	"float power" [100.000000000000000]
	"float efficacy" [17.000000000000000]
	"integer nsamples" [1]
	"color L" [1.00000000 1.00000000 1.00000000]

Shape "plymesh"
	"string filename" ["chrono/Scene/00000/light2_0000_m000.ply"]
	"bool generatetangents" ["false"]
	"string name" ["light2"]

AttributeEnd # ""

AttributeBegin #  "light1"

Transform [0.091506712138653 -0.353553384542465 0.341506242752075 0.000000000000000 -0.091505907475948 -0.353553384542465 -0.341506481170654 0.000000000000000 0.482962936162949 0.000000589861713 -0.129409462213516 0.000000000000000 -1.481698989868164 0.341789007186890 1.880800962448120 1.000000000000000]

NamedMaterial "emission"

AreaLightSource "area"
	"float importance" [1.000000000000000]
	"float gain" [2.000000000000000]
	"float power" [100.000000000000000]
	"float efficacy" [17.000000000000000]
	"integer nsamples" [1]
	"color L" [1.00000000 1.00000000 1.00000000]

Shape "plymesh"
	"string filename" ["chrono/Scene/00000/light1_0000_m000.ply"]
	"bool generatetangents" ["false"]
	"string name" ["light1"]

AttributeEnd # ""

AttributeBegin #  "glass"

Transform [0.054487716406584 -0.000000024725255 0.184024065732956 0.000000000000000 0.000000024725292 0.191921249032021 0.000000018465396 0.000000000000000 -0.184024065732956 0.000000018465446 0.054487716406584 0.000000000000000 -0.008938922546804 -0.000209584832191 0.238175868988037 1.000000000000000]

NamedMaterial "glass"

Shape "plymesh"
	"string filename" ["chrono/Scene/00000/glass_0000_m000.ply"]
	"bool generatetangents" ["false"]
	"string name" ["glass"]

AttributeEnd # ""

AttributeBegin #  "mirror"

Transform [2.000000000000000 0.000000000000000 0.000000000000000 0.000000000000000 0.000000000000000 2.000000000000000 0.000000000000000 0.000000000000000 0.000000000000000 0.000000000000000 2.000000000000000 0.000000000000000 0.000000000000000 0.000000000000000 0.000000000000000 1.000000000000000]

NamedMaterial "mirror"

Shape "plymesh"
	"string filename" ["chrono/Scene/00000/mirror_0000_m000.ply"]
	"bool generatetangents" ["false"]
	"string name" ["mirror"]

AttributeEnd # ""

AttributeBegin #  "watch"

Transform [0.009527579881251 0.000000000008080 0.032164543867111 0.000000000000000 -0.000000001201255 0.033545978367329 0.000000000347401 0.000000000000000 -0.032164543867111 -0.000000001250454 0.009527579881251 0.000000000000000 0.069590002298355 -0.188514411449432 0.271882534027100 1.000000000000000]

NamedMaterial "metal"

Shape "plymesh"
	"string filename" ["chrono/Scene/00000/watch_0000_m000.ply"]
	"bool generatetangents" ["false"]
	"string name" ["watch"]

AttributeEnd # ""

AttributeBegin #  "text"

Transform [0.119570039212704 0.000000000101401 0.403661340475082 0.000000000000000 -0.000000015075614 0.420998185873032 0.000000004359848 0.000000000000000 -0.403661340475082 -0.000000015693059 0.119570039212704 0.000000000000000 0.000013827346265 -0.171874523162842 0.234659433364868 1.000000000000000]

NamedMaterial "text"

Shape "plymesh"
	"string filename" ["chrono/Scene/00000/text_0000_m000.ply"]
	"bool generatetangents" ["false"]
	"string name" ["text"]

AttributeEnd # ""

AttributeBegin #  "date"

Transform [0.003887118771672 0.000000000003296 0.013122682459652 0.000000000000000 -0.000000000490095 0.013686288148165 0.000000000141735 0.000000000000000 -0.013122682459652 -0.000000000510168 0.003887118771672 0.000000000000000 0.006342805922031 -0.122456222772598 0.232784688472748 1.000000000000000]

AttributeBegin #  ""

NamedMaterial "metal"

Shape "plymesh"
	"string filename" ["chrono/Scene/00000/date_0000_m000.ply"]
	"bool generatetangents" ["false"]
	"string name" ["date"]

AttributeEnd # ""

AttributeBegin #  ""

NamedMaterial "matte"

Shape "plymesh"
	"string filename" ["chrono/Scene/00000/date_0000_m001.ply"]
	"bool generatetangents" ["false"]
	"string name" ["date"]

AttributeEnd # ""

AttributeEnd # ""

AttributeBegin #  "face"

Transform [0.008875486440957 0.000000000007527 0.029963115230203 0.000000000000000 -0.000000001119038 0.031250000000000 0.000000000323624 0.000000000000000 -0.029963115230203 -0.000000001164870 0.008875486440957 0.000000000000000 0.003977240994573 -0.000000002275549 0.233485460281372 1.000000000000000]

NamedMaterial "matte"

Shape "plymesh"
	"string filename" ["chrono/Scene/00000/face_0000_m000.ply"]
	"bool generatetangents" ["false"]
	"string name" ["face"]

AttributeEnd # ""

AttributeBegin #  "decor"

Transform [0.035501945763826 0.000000000030107 0.119852460920811 0.000000000000000 -0.000000004476151 0.125000000000000 0.000000001294497 0.000000000000000 -0.119852460920811 -0.000000004659479 0.035501945763826 0.000000000000000 0.001406032126397 0.006531443446875 0.224254965782166 1.000000000000000]

NamedMaterial "metal"

Shape "plymesh"
	"string filename" ["chrono/Scene/00000/decor_0000_m000.ply"]
	"bool generatetangents" ["false"]
	"string name" ["decor"]

AttributeEnd # ""

AttributeBegin #  "light3"

Transform [0.499999612569809 0.866025626659393 0.000000000000000 0.000000000000000 0.000000037855184 -0.000000021855678 1.000000000000000 0.000000000000000 0.866025626659393 -0.499999612569809 -0.000000043711388 0.000000000000000 -2.500000000000000 1.750000000000000 0.750000000000000 1.000000000000000]

NamedMaterial "emission3"

AreaLightSource "area"
	"float importance" [1.000000000000000]
	"float gain" [2.000000000000000]
	"float power" [100.000000000000000]
	"float efficacy" [17.000000000000000]
	"integer nsamples" [1]
	"color L" [1.00000000 1.00000000 1.00000000]

Shape "plymesh"
	"string filename" ["chrono/Scene/00000/light3_0000_m000.ply"]
	"bool generatetangents" ["false"]
	"string name" ["light3"]

AttributeEnd # ""
